1950 16.4989102407 8.11759279316 253.28181912
1951 16.4400342475 8.11799296049 253.12323828
1952 16.388344447 8.11759767702 253.466641895
1953 16.4825233211 8.11734853388 253.35587199
1954 16.4167879417 8.11679858498 253.317653438
1955 16.3455288546 8.116719011 253.889903311
1956 16.270928432 8.11710438616 254.064728894
1957 16.2875142709 8.11517363299 254.27107376
1958 16.3306442843 8.11446069097 253.753788895
1959 16.3007194146 8.11386356913 254.118183075
1960 16.4352354159 8.11238650684 253.341692207
1961 16.4353878751 8.11246817425 253.280107756
1962 16.443348007 8.11116213085 253.70466479
1963 16.3405292227 8.11163630745 253.620810244
1964 16.4306999241 8.11105111194 253.526219774
1965 16.382306921 8.11119523377 253.542888429
1966 16.2167488764 8.10973490881 254.577916608
1967 16.2534440411 8.10835758518 254.575764136
1968 16.3749821826 8.10651242524 253.746588271
1969 16.3432712853 8.10544356539 253.977078011
1970 16.3491920748 8.10467952672 253.537254735
1971 16.2964955039 8.10407251112 254.108713901
1972 16.2193087019 8.10225064221 254.423844005
1973 16.2649308272 8.10088370349 254.083206687
1974 16.2882556261 8.09969085839 253.969799353
1975 16.27672205 8.09911725672 254.334970545
1976 16.3341052738 8.09753933257 253.955183041
1977 16.3771858792 8.09552521677 253.623915263
1978 16.3118184565 8.09508933767 254.369970768
1979 16.45230322 8.09233224404 253.592878415
1980 16.675242068 8.08974807051 252.29928337
1981 16.5575583465 8.09014248505 252.833884271
1982 16.5479792144 8.08868899243 252.76651453
1983 16.481529357 8.08785556241 253.071711557
1984 16.325211185 8.08711117497 254.161652077
1985 16.3365206931 8.08367374129 254.214661606
1986 16.3619791595 8.08203528635 253.96197818
1987 16.3683980467 8.08024722817 253.712864678
1988 16.3983478686 8.07850572393 253.627447132
1989 16.3744267495 8.07649316119 253.851706098
1990 16.4478485517 8.07526483431 253.416524692
1991 16.435539947 8.07406315599 253.546271094
1992 16.4259657367 8.07406624232 253.775488076
1993 16.393258769 8.07290323194 253.800152502
1994 16.486419598 8.07010816624 253.350528349
1995 16.3939598341 8.06894993286 253.87096227
1996 16.4451466306 8.06711311395 253.351929984
1997 16.5050736892 8.06576637757 253.37396674
1998 16.5305324035 8.06350968732 253.120965319
1999 16.4203671019 8.06231518571 253.513596153
2000 16.4694273792 8.06006855149 253.098861594
2001 16.5531553438 8.05800913779 252.826294345
2002 16.5285962447 8.05636052055 253.1945088
2003 16.6205194767 8.05431878909 252.63872828
2004 16.6365314831 8.05238232181 252.387158376
2005 16.5858972569 8.05149201384 252.361863153
2006 16.5056774339 8.04973815411 253.152275291
2007 16.4482314055 8.04678475085 253.479079469
2008 16.5130263934 8.04503300195 253.395431972
2009 16.644045651 8.04227292689 252.678080307
2010 16.654065142 8.04051120926 252.661404346
2011 16.6434947366 8.03871190341 252.695430457
2012 16.719706296 8.03566116301 251.965520833
2013 16.7943630465 8.03361537306 252.016066538
2014 16.9527464072 8.03120947009 251.164566295
2015 16.8174072888 8.0293843475 251.590700049
2016 16.7843528768 8.02715935783 251.72490092
2017 16.9104588762 8.02416355099 251.376134495
2018 17.0217008556 8.02132915241 250.831809727
2019 16.9962115212 8.02029965935 250.719236451
2020 16.9195924427 8.01645887599 251.216584904
2021 16.9692290495 8.01316741087 251.276884763
2022 17.0473442371 8.01047252372 250.777325844
2023 17.1250565638 8.0083987865 250.286682285
2024 17.1730903361 8.00555955526 250.014750455
2025 17.2720704317 8.00307943061 249.741029283
2026 17.2692170061 8.00029687672 249.873891017
2027 17.3297945007 7.99730445914 249.335349546
2028 17.2126173239 7.99496238441 249.768462866
2029 17.1875652789 7.99101015986 250.163922068
2030 17.158675612 7.98839960695 250.301015179
2031 17.3309191505 7.98541014576 249.471983338
2032 17.5360349227 7.98197922101 248.287372909
2033 17.5736635042 7.97975646386 248.335690685
2034 17.400232709 7.97669734454 249.310756415
2035 17.3879724965 7.97278602084 249.001350078
2036 17.425171861 7.96966576954 248.735214458
2037 17.5717585391 7.96637815786 248.155041211
2038 17.5700052215 7.96359601173 248.216008139
2039 17.532385108 7.95940882922 248.249656537
2040 17.5465342347 7.95603012451 248.374959977
2041 17.7549209319 7.95266846072 247.413863041
2042 17.7930989502 7.94929902005 247.626303295
2043 17.8362799237 7.94563027425 246.977600976
2044 17.8288993038 7.94163237122 246.79537512
2045 17.8915177249 7.93839289238 246.747469763
2046 18.0437904075 7.93449397532 246.277177155
2047 18.0046672127 7.93119214553 246.142835053
2048 18.0744655495 7.92736336284 246.035651115
2049 18.0011207897 7.92286887151 246.39558511
2050 18.2492010157 7.9188782192 244.965562197
2051 18.2652260478 7.91596271233 245.134337188
2052 18.2429154373 7.91113242314 245.529354949
2053 18.304333044 7.90702712517 245.018455898
2054 18.3528095105 7.9031302901 244.592030541
2055 18.2210425703 7.89902674089 244.781954584
2056 18.3111036643 7.89458854748 245.137465146
2057 18.3133287658 7.89056908365 245.403564286
2058 18.4739519663 7.88602820101 244.410119588
2059 18.6325174991 7.8806735971 243.47649262
2060 18.6205958178 7.87705733995 243.583145389
2061 18.6603162393 7.8726817428 243.42792122
2062 18.7289837791 7.86753669177 243.054371171
2063 18.6601758827 7.86369566086 243.148596609
2064 18.69013259 7.85955595967 243.515947304
2065 18.7318769954 7.85471881429 243.349474701
2066 18.8971247618 7.85021844171 242.853649042
2067 18.9611959978 7.84594378303 242.267028737
2068 19.0412145756 7.84167033669 241.956310875
2069 18.9782228772 7.83746814072 242.57913606
2070 18.9228732534 7.83304231697 242.291606888
2071 19.1363937409 7.82819050176 241.017040663
2072 19.1892953115 7.82477071116 240.954185438
2073 19.0451653038 7.82052553214 242.172684049
2074 19.0440072612 7.81516673652 241.929999174
2075 19.2245662374 7.81029444428 240.533290433
2076 19.4814063006 7.80587750815 239.57068585
2077 19.289093693 7.80267027788 240.437130492
2078 19.2786930249 7.79782211716 240.834340751
2079 19.3403606909 7.79275726465 240.581096519
2080 19.4460202417 7.78892815544 240.195298571
2081 19.6636376849 7.7841189733 239.155308182
2082 19.5951651557 7.78038007967 239.467882474
2083 19.5431039179 7.77600750342 239.948722677
2084 19.5492507515 7.77102523921 239.790631979
2085 19.69327773 7.76691853029 239.174668859
2086 19.7195238354 7.76313760185 238.967632107
2087 19.6075100404 7.75894175348 239.562867459
2088 19.5777061879 7.75416396986 240.005689246
2089 19.8523961802 7.74984687384 238.70833953
2090 20.0197714294 7.74578328095 237.525455992
2091 19.7360466163 7.74274217485 238.52135241
2092 19.7382115204 7.73830671026 239.034519849
2093 19.8998263342 7.73400165976 237.965061941
2094 20.0000064905 7.73019693048 237.526102232
2095 19.9036311757 7.72639100048 238.193655923
2096 19.8961540162 7.72180034013 238.139871398
2097 20.1108899631 7.71754838669 237.404382253
2098 20.0364115644 7.71356738278 238.11417867
2099 20.146807476 7.70930553257 237.16887821
2100 20.193529213 7.70510610603 236.884719898
